$SPEC_ID:
No sample description was entered.
$SPEC_REM:
DET# 1
DETDESC# GENP_USC MCB 25
AP# GammaVision Version 6.07
$DATE_MEA:
04/02/2019 11:54:14
$MEAS_TIM:
120 141
$DATA:
0 8191
       0
       0
       0
       0
       0
       0
       0
       0
       0
       0
       0
       0
       0
       0
       0
       0
       0
       0
       0
       0
       0
       0
       0
       0
       0
       0
       0
       0
       0
       0
       0
       0
       0
       0
       0
       0
       0
       0
       0
       0
       0
       0
       0
       0
       0
       0
       0
       0
       0
       0
       0
       0
       0
       0
       0
       0
       0
       0
       0
       0
       0
       0
       0
       0
       0
       0
       0
       0
       0
       0
       0
       0
       0
       0
       0
       0
       0
       0
       0
       0
       0
       0
       0
       0
       0
       0
       0
       0
       0
       0
       0
       0
       0
       0
       0
       0
       0
       0
       0
       0
       0
       0
       0
       0
       0
       0
       0
       0
       0
       0
       0
       0
       0
       0
       0
       0
       0
       0
       0
       0
       0
       0
       0
       0
       0
       0
       0
       0
       0
       0
       0
       0
       0
       0
       0
       0
       0
       0
       0
       0
       0
       0
       0
       0
       0
       0
       0
       0
       0
       0
       0
       0
       0
       0
       0
       0
       0
       1
       1
       0
       0
       1
       1
       1
       3
       2
       1
      16
      84
     200
     408
     493
     614
     699
     717
     770
     761
     817
     818
     763
     863
     832
     832
     799
     782
     778
     797
     802
     817
     806
     745
     847
     816
     785
     699
     778
     694
     747
     717
     733
     753
     732
     755
     723
     704
     695
     721
     730
     719
     721
     706
     664
     705
     727
     738
     689
     680
     705
     698
     703
     706
     705
     678
     745
     694
     694
     710
     706
     685
     681
     729
     667
     641
     655
     689
     717
     703
     744
     676
     683
     682
     689
     722
     668
     730
     698
     659
     655
     653
     674
     605
     696
     647
     645
     666
     669
     657
     643
     609
     659
     663
     662
     676
     663
     625
     637
     620
     598
     653
     625
     629
     610
     636
     609
     690
     620
     629
     631
     614
     628
     643
     627
     648
     631
     618
     620
     613
     593
     581
     630
     658
     607
     642
     587
     578
     622
     661
     611
     616
     636
     635
     588
     619
     626
     629
     597
     660
     607
     643
     599
     645
     623
     635
     601
     650
     633
     599
     636
     616
     603
     618
     578
     618
     638
     587
     572
     644
     640
     634
     629
     629
     606
     546
     628
     613
     568
     613
     538
     604
     599
     578
     578
     519
     615
     585
     609
     610
     553
     590
     536
     574
     552
     554
     629
     604
     603
     553
     571
     573
     536
     566
     561
     566
     544
     521
     561
     516
     558
     550
     537
     550
     551
     528
     453
     492
     561
     485
     527
     498
     532
     478
     512
     514
     527
     512
     514
     512
     510
     514
     497
     517
     473
     489
     457
     482
     454
     436
     488
     468
     414
     461
     483
     473
     449
     470
     428
     499
     431
     415
     427
     419
     440
     421
     458
     428
     486
     410
     394
     411
     432
     403
     426
     446
     424
     394
     433
     390
     379
     402
     399
     379
     391
     417
     342
     393
     364
     387
     324
     366
     339
     388
     371
     395
     370
     360
     355
     376
     360
     355
     357
     351
     359
     342
     337
     345
     339
     380
     356
     327
     349
     344
     342
     356
     357
     345
     360
     340
     320
     323
     348
     312
     332
     346
     316
     324
     330
     332
     344
     305
     333
     323
     326
     312
     328
     310
     296
     334
     277
     304
     318
     285
     345
     330
     306
     325
     340
     298
     297
     263
     308
     284
     304
     315
     292
     325
     324
     314
     290
     301
     299
     324
     280
     279
     282
     291
     291
     296
     280
     323
     265
     308
     302
     292
     299
     247
     270
     279
     308
     310
     261
     274
     270
     280
     280
     283
     275
     278
     287
     272
     270
     285
     276
     267
     256
     270
     242
     281
     268
     274
     282
     272
     256
     245
     276
     270
     228
     262
     266
     267
     239
     243
     243
     218
     286
     262
     238
     285
     254
     250
     252
     260
     240
     224
     275
     240
     210
     254
     248
     247
     250
     231
     237
     227
     235
     249
     244
     245
     220
     228
     250
     235
     240
     220
     243
     257
     239
     266
     243
     216
     225
     207
     218
     212
     245
     204
     201
     239
     228
     232
     237
     287
     218
     241
     222
     236
     217
     251
     228
     226
     227
     186
     230
     233
     223
     231
     230
     237
     208
     221
     225
     230
     201
     205
     184
     217
     221
     217
     215
     188
     236
     201
     215
     177
     207
     213
     207
     219
     231
     208
     220
     200
     215
     190
     197
     217
     218
     193
     204
     199
     208
     209
     199
     195
     191
     196
     189
     218
     196
     192
     180
     189
     188
     206
     212
     181
     212
     170
     173
     184
     183
     173
     164
     181
     180
     191
     204
     174
     175
     184
     212
     181
     163
     184
     166
     171
     173
     190
     191
     180
     170
     188
     179
     185
     211
     158
     168
     167
     180
     171
     163
     190
     179
     167
     133
     169
     146
     191
     186
     147
     148
     172
     145
     178
     164
     168
     148
     170
     168
     157
     176
     176
     161
     154
     150
     180
     167
     158
     156
     152
     153
     131
     158
     152
     148
     151
     139
     138
     180
     165
     137
     131
     151
     169
     166
     135
     130
     154
     158
     139
     151
     132
     135
     163
     167
     161
     149
     159
     143
     109
     140
     138
     138
     147
     133
     140
     142
     131
     150
     139
     133
     148
     153
     141
     136
     133
     141
     139
     145
     141
     147
     138
     144
     137
     128
     150
     131
     150
     136
     140
     139
     151
     140
     138
     123
     144
     157
     139
     181
     135
     150
     135
     141
     140
     139
     145
     124
     143
     138
     153
     126
     149
     129
     134
     145
     155
     154
     139
     145
     147
     152
     156
     135
     170
     146
     159
     142
     155
     169
     156
     167
     198
     147
     164
     151
     149
     169
     171
     142
     168
     158
     175
     180
     158
     175
     195
     167
     169
     187
     194
     197
     179
     182
     187
     188
     173
     180
     186
     170
     184
     228
     192
     201
     186
     196
     203
     214
     194
     198
     205
     184
     231
     217
     230
     202
     228
     244
     225
     219
     238
     260
     242
     223
     277
     256
     249
     258
     293
     262
     259
     251
     268
     270
     302
     299
     301
     291
     301
     294
     309
     292
     316
     317
     295
     263
     305
     348
     304
     346
     319
     305
     338
     334
     320
     318
     386
     351
     318
     366
     357
     393
     323
     376
     349
     372
     360
     363
     376
     399
     352
     364
     385
     378
     407
     366
     402
     363
     348
     368
     400
     351
     386
     381
     406
     356
     383
     386
     392
     372
     379
     380
     377
     373
     385
     372
     387
     383
     372
     369
     421
     422
     336
     359
     345
     377
     327
     356
     365
     362
     357
     333
     332
     354
     347
     335
     330
     331
     309
     350
     318
     319
     333
     312
     318
     310
     311
     280
     305
     290
     310
     311
     262
     269
     296
     273
     248
     260
     229
     265
     289
     254
     270
     269
     234
     232
     266
     242
     216
     209
     224
     229
     228
     255
     218
     243
     218
     239
     231
     211
     237
     205
     199
     178
     221
     175
     192
     209
     209
     179
     189
     190
     164
     194
     189
     183
     160
     170
     158
     151
     172
     145
     141
     173
     171
     166
     156
     160
     158
     135
     136
     144
     133
     143
     134
     138
     140
     172
     148
     145
     154
     149
     144
     137
     124
     126
     118
     133
     133
     127
     129
     126
     115
     160
     124
     127
     136
     123
     131
     118
     135
     146
     109
     134
     112
     134
     140
     138
     133
     129
     124
     132
     117
     108
     112
     126
     124
     151
     114
     132
     132
     117
     122
     121
     121
     142
     135
     122
     137
     139
     135
     128
     127
     121
     128
     123
     125
     128
     130
     130
     115
     114
     125
     117
     135
     130
     126
     123
     128
     121
     128
     137
     135
     137
     126
     116
     148
     112
     147
     121
     104
     119
     135
     129
     126
     137
     129
     133
     111
     113
     144
     136
     130
     132
     119
     139
     113
     105
     138
     119
     127
     126
     133
     138
     125
     128
     136
     148
     134
     134
     127
     130
     125
     118
     118
     149
     125
     146
     130
     127
     126
     123
     131
     124
     141
     120
     131
     124
     134
     130
     125
     140
     134
     135
     130
     121
     119
     121
     137
     119
     140
     169
     128
     121
     128
     124
     116
     116
     113
     127
     136
     114
     139
     133
     112
     139
     127
     118
     151
     150
     139
     129
     114
     143
     118
     135
     133
     142
     143
     133
     133
     124
     149
     136
     137
     120
     157
     143
     127
     149
     144
     144
     127
     126
     143
     147
     130
     131
     142
     142
     123
     126
     145
     129
     118
     129
     139
     142
     134
     145
     115
     114
     126
     140
     136
     128
     130
     123
     122
     117
     137
     155
     145
     126
     140
     121
     150
     122
     127
     141
     130
     121
     160
     125
     153
     133
     135
     126
     124
     136
     131
     134
     147
     134
     122
     112
     128
     134
     118
     136
     114
     109
     128
     119
     122
     111
     137
     117
     128
     134
     124
     116
     123
     130
     127
     114
     135
     121
     136
     134
     119
     117
     132
     119
     120
     119
     126
     128
     114
     114
     115
     120
     104
     118
     106
     119
     115
     103
      96
     116
     123
     111
     115
      97
     113
     148
     120
     123
     129
     127
     119
     119
     126
     108
      96
      92
     104
     102
     100
     113
     105
      91
     102
     117
     100
     112
     123
      99
     113
     107
     118
     102
     110
     114
      79
     120
     106
     113
     115
     109
     107
     110
     112
     118
     113
     102
      96
     100
     102
      97
      93
      86
     106
     111
     100
     104
      81
     106
     104
     102
     110
      95
      86
     108
      86
      93
      83
     115
      92
      88
      84
      99
      80
      94
      87
      89
      98
     103
      80
     102
     115
     111
      82
      90
     114
      88
      84
      77
     105
      88
      92
     103
      75
      83
      77
      88
      72
     107
      79
      78
      96
      85
      94
      90
      87
      82
      85
      84
      79
      85
      90
      90
      84
      94
      94
      84
     100
      84
      98
      70
      81
      83
      91
      64
      87
      85
      74
      86
      69
      94
      72
      84
      82
      72
      95
      76
      62
      87
      83
      73
     100
      74
      80
      86
      75
      75
      73
      93
      67
      76
      88
      84
      76
      79
      94
      79
      83
      66
      68
      80
      96
      83
      90
      84
      89
     103
      87
      79
      84
      82
      92
      76
      82
      84
      84
      95
      73
      83
      89
      88
      75
      83
      79
      84
      84
      75
      88
      83
      94
      83
      82
      93
      97
     103
     111
     109
      82
      81
      87
     104
      84
      94
      94
      89
      98
     115
      91
     114
     105
     100
     108
      95
     116
     112
     114
     114
     121
     111
     103
     118
     111
     116
      99
     130
      99
     132
     119
     138
     135
     124
     125
     128
     123
     121
     127
     124
     167
     139
     137
     142
     145
     131
     139
     161
     153
     148
     158
     142
     155
     177
     155
     175
     140
     151
     177
     179
     145
     179
     175
     201
     193
     188
     189
     165
     175
     179
     183
     195
     174
     179
     211
     173
     183
     208
     182
     194
     208
     208
     189
     218
     225
     204
     210
     199
     225
     231
     209
     213
     234
     239
     226
     231
     238
     205
     213
     207
     229
     196
     219
     252
     200
     205
     217
     207
     230
     219
     240
     205
     195
     221
     213
     227
     248
     247
     225
     229
     223
     251
     228
     187
     190
     188
     196
     216
     208
     204
     216
     186
     175
     231
     202
     218
     202
     178
     201
     194
     176
     196
     177
     179
     178
     179
     178
     176
     165
     162
     177
     176
     166
     154
     161
     156
     155
     170
     156
     166
     147
     128
     142
     144
     136
     130
     134
     134
     121
     118
     128
     161
     109
     129
     105
     132
      89
     110
     125
     113
     124
     111
      88
     109
      97
      99
      88
      81
     102
      89
      90
     109
      95
      82
      89
      90
     110
      74
      81
      90
     107
      72
      88
      88
      55
      63
      77
      64
      70
      77
      76
      76
      63
      58
      66
      71
      72
      89
      64
      76
      64
      73
      77
      63
      58
      58
      61
      74
      67
      65
      62
      75
      72
      82
      76
      75
      72
      67
      72
      76
      75
      75
      82
      72
      88
      79
      78
      87
      82
      83
      91
      84
      96
      81
      91
      95
     101
      95
     105
      88
      96
      95
     107
     106
     120
     110
     100
     112
     108
     123
     125
     116
     134
     141
     120
     125
     133
     137
     126
     140
     137
     149
     132
     127
     151
     147
     156
     163
     161
     137
     186
     151
     159
     183
     143
     163
     134
     165
     164
     174
     168
     144
     152
     177
     169
     159
     162
     143
     177
     154
     171
     168
     196
     170
     171
     153
     182
     175
     181
     189
     198
     175
     181
     187
     186
     182
     157
     189
     168
     187
     157
     169
     163
     179
     193
     193
     177
     166
     163
     175
     192
     202
     158
     176
     184
     174
     190
     177
     168
     167
     163
     145
     142
     162
     144
     153
     143
     161
     160
     163
     147
     137
     153
     162
     148
     146
     134
     152
     159
     139
     136
     133
     149
     132
     127
     113
     130
     145
     123
     117
     122
      91
     108
     106
     139
     110
     108
     117
     109
     101
     119
     110
     120
      90
      94
     118
     104
      94
     101
      80
      94
      77
      88
      73
      77
      70
      70
      69
      69
      73
      77
      56
      67
      79
      72
      62
      66
      71
      68
      63
      63
      61
      62
      49
      47
      54
      49
      50
      60
      59
      57
      54
      45
      53
      35
      37
      36
      36
      30
      32
      38
      36
      42
      37
      37
      28
      39
      30
      31
      37
      34
      33
      27
      28
      29
      24
      35
      32
      27
      35
      16
      35
      29
      22
      32
      22
      21
      25
      30
      29
      38
      25
      26
      26
      15
      24
      22
      21
      27
      18
      22
      11
      21
      19
      23
      20
      20
      21
      12
      23
      14
      13
      14
      17
      15
      21
      16
      13
      16
      13
      20
      17
      15
      13
      14
      14
      18
      13
      18
      20
      11
      14
      21
      15
      12
      16
      15
      16
      12
       8
      14
      12
      14
      15
      12
      14
      14
      12
      11
      14
      13
      16
      11
      12
       9
      11
      21
      14
       5
      19
       6
       9
      10
       8
      12
      13
      13
      12
       9
      13
      11
       6
      12
       7
      12
      13
      14
       9
      10
      12
      13
       9
      18
       7
      12
      10
       9
      15
       9
       9
       7
       9
      16
       8
      15
       5
       8
      12
      11
       8
      11
      18
       8
      10
       9
       9
      10
       8
       8
       7
       5
       6
       9
       6
      11
      11
      11
       9
       7
       6
      10
       9
       9
       6
       7
       8
      10
       9
       8
       8
      12
      10
       5
      13
       9
       6
       7
      10
      12
      12
       5
       9
      10
      11
       6
       9
       8
       6
       8
       3
       6
      13
       5
       9
      11
       5
       7
       8
      10
       7
       6
       5
      14
       4
      10
       7
       5
      12
       6
       6
       7
       6
      15
       5
       4
       9
       5
      10
       6
       4
       6
       5
       9
       7
      12
       6
      11
      10
       8
       9
       9
      11
       9
       4
       8
       6
       9
       8
       7
      11
       7
       8
       7
       6
      12
       8
      10
      14
      10
       8
       5
       6
       7
       5
       8
      10
       6
       3
       7
       7
       5
       8
       6
       8
       5
      10
       3
      12
      11
      12
       5
       6
       5
       9
       6
       3
      10
      11
       7
      12
       9
       4
       5
       6
       8
       8
       5
       4
       8
       4
       5
       8
       3
       1
       9
       6
       8
       9
       2
       4
       4
       8
      11
       5
       3
       1
       6
       5
       4
      10
       7
      11
       4
       5
       7
       8
       9
       6
       8
       4
      12
      10
       6
       3
       4
      11
       6
       8
       6
       6
       6
       7
       7
       3
       7
       9
       8
       3
      11
       4
       6
       5
       8
       6
       4
       4
      12
       8
      14
       8
       4
       6
       7
       3
       5
       8
       1
       3
       2
      10
       5
       2
       5
       6
       6
       1
       8
       9
       3
       7
       3
       1
       7
       6
       9
       4
       7
       4
       1
       7
       8
       6
       7
       4
       7
       4
       3
       8
       4
       5
       9
      10
       6
       7
       3
       7
       7
       3
       8
       7
       8
       3
       8
       4
       8
       5
       2
       5
       6
       6
       7
       6
       4
       7
       6
       6
      10
       4
       7
       7
       5
       8
       8
       6
       6
       2
       8
       8
       9
       1
      12
       4
       7
       7
       2
       8
       4
      10
       9
       4
       5
      10
       7
      10
       4
       6
       9
       4
       8
      11
      10
       6
       5
       5
       9
       7
       8
       2
       4
       5
       6
      10
      10
       5
       4
       2
       5
       3
       3
      10
       3
       3
       8
       4
       6
       4
       5
       5
       9
       5
       4
       7
       5
       3
       8
       3
      11
       5
       2
       5
       7
       3
       3
       8
       6
       6
       4
       2
       6
       5
       5
       4
       3
       8
       3
       6
       3
       7
       6
       4
       6
       3
       2
       8
       5
       4
       6
       3
       6
       1
       5
       2
       2
       7
       4
       9
      10
       1
       3
       3
       5
       6
       3
       3
       1
       1
       4
       8
       4
       3
       5
       4
       5
       8
       6
       7
       7
       1
       5
       5
       2
       6
       6
       7
       4
       0
       4
       2
       5
       6
       6
       2
      12
       9
       6
       3
       8
       4
       6
       6
       6
       1
       4
       9
       5
       3
       4
       7
       9
       6
       5
       6
       2
       5
       5
       5
       1
       4
       5
       6
       3
       2
       5
       4
       6
       7
       2
       2
       4
       2
       3
       2
       3
       2
       1
       5
       4
       2
       1
       9
       4
       1
       1
       1
       5
       6
       3
       3
       4
       9
       6
       6
       2
       4
       3
       6
       3
       3
      11
       4
       4
       2
       4
       6
       5
       7
       4
       2
       1
       3
       6
       4
       3
       2
       2
       6
       2
       4
       3
       2
       5
       1
       4
       3
       6
       5
       5
       6
       5
       4
       1
       4
       4
       0
       4
       4
       1
       5
       2
       4
       3
       3
       3
       4
       5
       6
       1
       3
       4
       6
       4
       6
       6
       2
       2
       5
       1
       2
       4
       5
       2
       4
       2
       2
       3
      11
       2
       3
       4
       3
       5
       5
       3
       2
       2
       4
       3
      10
       2
       1
       5
       0
       5
       2
       2
       5
       3
       6
       6
       5
       4
       3
       2
       4
       1
       5
       3
       3
       7
       5
       4
       5
       4
       5
       6
       5
       2
       3
       2
       3
       3
       3
       3
       5
       1
       4
       4
       3
       3
       8
       2
       2
       8
       4
       2
       1
       7
       3
       2
       5
       1
       4
       3
       3
       3
       1
       1
       7
       6
       5
       3
       3
       3
       2
       4
       4
       3
       4
       3
       4
       2
       2
       6
       1
       4
       1
       5
       9
       4
       2
       3
       5
       5
       4
       5
       4
       4
       2
       5
       1
       4
       4
       3
       5
       4
       3
       0
       3
       5
       4
       4
       6
       3
       4
       3
       7
       3
       3
       5
       3
       4
       5
       2
       2
       4
       3
       2
       3
       2
       3
       3
       2
       7
       4
       2
       8
       4
       5
       1
       1
       1
       5
       7
       4
       3
       1
       2
       3
       3
       1
       6
       2
       2
       6
       7
       3
       2
       4
       5
       3
       2
       4
       5
       3
       6
       4
       4
       2
       7
       4
       5
       3
       2
       8
       2
       6
       5
       4
       5
       3
       6
       3
       4
       3
       6
       3
       5
       3
       2
       2
       3
       5
       9
       2
       3
       4
       4
       5
       4
       7
       3
       4
       5
       7
       5
       2
       7
       5
       4
       3
       6
       2
       4
       1
       3
       3
       4
       3
       5
       3
       4
       5
       6
       0
       3
       0
       5
       3
       6
       7
       3
       3
       2
       4
       3
       1
       4
       5
       2
       3
       5
       0
       4
       5
       1
       6
       2
       5
       3
       5
       3
       6
       3
       3
       3
       0
       5
       5
       4
       2
       5
       3
       6
       6
       3
       5
       3
       0
       2
       2
       5
       3
       3
       4
       2
       1
       2
       2
       3
       3
       4
       1
       4
       4
       2
       1
       2
       4
       1
       4
       7
       3
       3
       4
       4
       5
       5
       4
       7
       4
       0
       3
       5
       6
       5
       2
       1
       7
       4
       1
       6
       4
       1
       4
       5
       3
       4
       3
       5
       3
       4
       1
       1
       5
       5
       0
       6
       4
       3
       1
       6
       2
       1
       1
       4
       7
       0
       4
       4
       2
       4
       3
       4
       6
       2
       2
       1
       4
       4
       4
       2
       3
       2
       5
       1
       3
       4
       1
       1
       2
       1
       2
       2
       8
       5
       3
       3
       0
       6
       4
       3
       7
       4
       1
       1
       3
       3
       4
       5
       4
       2
       3
       8
       1
       1
       1
       9
       5
       3
       1
       4
       4
       3
       4
       4
       3
       5
       1
       3
       2
       4
       4
       3
       1
       6
       3
       5
       3
       2
       3
       4
       4
       0
       4
       3
       2
       6
       0
       3
       6
       2
       1
       3
       4
       2
       1
       2
       0
       2
       5
       4
       3
       4
       3
       5
       0
       4
       0
       3
       3
       4
       1
       2
       0
       0
       1
       4
       4
       3
       6
       0
       2
       2
       1
       1
       3
       3
       1
       2
       1
       3
       3
       2
       1
       5
       1
       2
       7
       2
       3
       9
       3
       0
       1
       2
       1
       3
       0
       3
       4
       2
       2
       3
       1
       3
       3
       2
       0
       2
       5
       3
       3
       2
       4
       0
       4
       1
       2
       3
       2
       1
       4
       0
       2
       1
       1
       3
       5
       5
       3
       3
       1
       1
       2
       1
       4
       3
       3
       1
       3
       1
       1
       3
       2
       1
       1
       1
       0
       5
       3
       0
       2
       2
       1
       1
       2
       0
       2
       2
       0
       2
       2
       0
       2
       3
       1
       1
       3
       2
       2
       2
       0
       4
       1
       0
       1
       0
       1
       1
       2
       1
       1
       2
       0
       3
       2
       1
       1
       1
       2
       2
       2
       0
       0
       1
       0
       0
       2
       1
       1
       4
       1
       2
       1
       0
       1
       0
       0
       1
       0
       1
       1
       1
       0
       0
       0
       0
       4
       1
       0
       2
       0
       1
       1
       2
       1
       1
       1
       0
       1
       1
       2
       1
       2
       2
       1
       2
       1
       2
       0
       0
       0
       0
       1
       3
       3
       1
       2
       1
       0
       2
       2
       2
       1
       0
       0
       0
       2
       1
       1
       2
       2
       1
       0
       0
       1
       0
       0
       2
       1
       1
       2
       2
       2
       3
       1
       0
       1
       2
       2
       0
       2
       0
       0
       0
       0
       0
       2
       1
       0
       2
       0
       2
       1
       1
       0
       1
       1
       1
       0
       1
       1
       1
       3
       1
       0
       1
       0
       1
       2
       1
       2
       2
       1
       4
       2
       0
       3
       0
       1
       3
       2
       2
       0
       1
       2
       0
       0
       1
       0
       0
       1
       1
       1
       1
       2
       0
       0
       0
       1
       1
       1
       1
       1
       1
       3
       2
       1
       4
       3
       4
       5
       1
       0
       5
       0
       1
       2
       1
       1
       3
       1
       2
       2
       1
       0
       2
       4
       3
       5
       1
       1
       0
       4
       0
       1
       0
       0
       2
       1
       6
       2
       1
       2
       1
       2
       2
       0
       2
       2
       7
       1
       1
       3
       4
       3
       0
       2
       0
       3
       3
       1
       3
       6
       5
       2
       1
       5
       2
       3
       4
       1
       5
       3
       6
       4
       3
       4
       4
       3
       3
       4
       1
       4
       5
       2
       3
       2
       1
       4
       4
       2
       3
       2
       0
       5
       6
       4
       4
       4
       5
       2
       1
       1
       2
       5
       1
       3
       5
       3
       1
       3
       4
       1
       3
       2
       2
       1
       7
       2
       0
       3
       4
       3
       4
       2
       7
       1
       3
       5
       2
       5
       5
       7
       3
       5
       5
       8
       4
       1
       8
       2
       2
       5
       3
       6
       0
       0
       5
       5
       4
       4
       4
       2
       0
       8
       2
       3
       3
       2
       2
       1
       4
       3
       7
       5
       3
       1
       5
       6
       1
       2
       4
       1
       1
       1
       1
       6
       1
       4
       1
       3
       4
       1
       3
       5
       1
       1
       0
       3
       1
       6
       5
       3
       3
       4
       3
       2
       3
       0
       0
       2
       1
       1
       3
       0
       1
       1
       3
       2
       2
       3
       2
       1
       4
       3
       1
       3
       1
       1
       3
       2
       1
       1
       1
       2
       3
       0
       3
       1
       2
       2
       0
       0
       0
       2
       2
       4
       1
       1
       1
       1
       0
       2
       0
       2
       0
       1
       1
       1
       6
       3
       0
       0
       1
       0
       2
       0
       0
       1
       1
       1
       0
       0
       2
       0
       1
       2
       1
       1
       0
       2
       0
       3
       1
       0
       0
       0
       0
       0
       1
       1
       0
       0
       0
       0
       1
       0
       1
       0
       0
       0
       0
       0
       0
       0
       2
       1
       0
       1
       1
       0
       0
       0
       0
       1
       2
       1
       0
       0
       1
       2
       0
       0
       0
       0
       3
       0
       1
       0
       0
       0
       1
       1
       1
       0
       1
       0
       1
       0
       0
       1
       0
       0
       0
       0
       0
       0
       0
       0
       0
       1
       1
       0
       1
       0
       1
       0
       0
       0
       0
       0
       0
       1
       1
       1
       0
       1
       0
       0
       0
       0
       0
       0
       1
       2
       0
       0
       0
       0
       0
       1
       0
       0
       0
       0
       0
       0
       0
       0
       0
       0
       0
       0
       0
       0
       0
       0
       0
       0
       0
       0
       0
       0
       0
       0
       0
       1
       0
       0
       0
       1
       0
       0
       0
       0
       0
       0
       0
       0
       0
       0
       0
       0
       0
       0
       1
       0
       0
       0
       0
       1
       0
       0
       1
       1
       0
       0
       0
       1
       0
       0
       0
       0
       0
       0
       0
       1
       0
       0
       0
       0
       0
       0
       0
       0
       0
       0
       0
       0
       0
       0
       0
       0
       0
       0
       1
       0
       0
       0
       0
       0
       0
       0
       0
       0
       0
       0
       0
       0
       0
       0
       0
       0
       0
       0
       0
       0
       1
       0
       1
       0
       0
       0
       0
       0
       0
       0
       0
       1
       0
       0
       0
       0
       0
       0
       0
       0
       0
       0
       0
       0
       0
       0
       0
       0
       0
       0
       0
       0
       0
       0
       0
       0
       0
       0
       0
       0
       0
       0
       0
       0
       0
       0
       0
       0
       0
       0
       0
       0
       0
       0
       0
       0
       0
       0
       0
       0
       0
       0
       0
       0
       0
       0
       0
       0
       0
       0
       0
       0
       0
       0
       0
       0
       0
       0
       0
       0
       0
       0
       0
       0
       0
       0
       0
       0
       0
       0
       0
       0
       0
       0
       0
       0
       0
       0
       0
       0
       0
       0
       0
       0
       0
       0
       0
       0
       0
       0
       0
       0
       0
       0
       0
       0
       0
       0
       0
       0
       0
       0
       0
       0
       1
       0
       0
       1
       1
       0
       0
       0
       0
       0
       0
       0
       0
       0
       0
       0
       0
       0
       0
       1
       0
       0
       1
       0
       1
       0
       0
       0
       0
       0
       0
       0
       0
       0
       1
       0
       0
       1
       0
       0
       0
       0
       0
       0
       0
       0
       0
       0
       0
       0
       0
       0
       0
       0
       0
       0
       1
       0
       0
       0
       0
       0
       0
       1
       0
       0
       1
       0
       0
       0
       0
       0
       0
       0
       0
       0
       0
       0
       0
       0
       0
       0
       0
       0
       0
       0
       0
       0
       0
       0
       0
       0
       0
       0
       0
       0
       0
       0
       0
       0
       0
       0
       1
       0
       0
       0
       1
       0
       0
       0
       0
       0
       0
       0
       0
       0
       0
       0
       0
       0
       0
       0
       0
       0
       0
       0
       0
       0
       0
       0
       0
       0
       0
       0
       0
       0
       0
       0
       0
       0
       0
       0
       0
       0
       1
       0
       0
       0
       0
       0
       0
       0
       0
       0
       0
       0
       0
       0
       0
       0
       0
       0
       0
       0
       0
       0
       0
       0
       0
       0
       0
       0
       0
       0
       0
       0
       0
       0
       0
       0
       0
       0
       0
       0
       0
       0
       0
       0
       0
       0
       0
       0
       0
       0
       0
       0
       0
       0
       0
       0
       0
       0
       1
       0
       1
       0
       0
       0
       0
       0
       0
       0
       0
       0
       0
       0
       0
       0
       0
       0
       0
       0
       0
       0
       0
       0
       0
       0
       0
       0
       0
       0
       0
       0
       0
       0
       0
       0
       0
       0
       0
       0
       0
       0
       0
       0
       0
       0
       0
       0
       0
       2
       0
       0
       0
       0
       0
       0
       0
       0
       0
       1
       0
       0
       0
       0
       0
       0
       0
       0
       0
       0
       0
       0
       0
       0
       0
       0
       0
       0
       0
       0
       0
       0
       0
       0
       0
       0
       0
       0
       0
       0
       0
       0
       0
       0
       0
       0
       0
       0
       0
       0
       0
       0
       0
       0
       0
       0
       0
       0
       0
       0
       0
       0
       0
       0
       0
       0
       0
       0
       0
       0
       0
       0
       0
       0
       0
       0
       0
       0
       0
       0
       0
       0
       0
       0
       0
       0
       0
       0
       0
       0
       0
       0
       0
       0
       0
       0
       0
       0
       0
       0
       0
       0
       0
       0
       0
       0
       0
       1
       0
       0
       0
       0
       0
       0
       0
       0
       0
       1
       0
       0
       0
       0
       0
       0
       0
       0
       0
       0
       0
       0
       0
       0
       0
       0
       0
       0
       0
       0
       0
       0
       0
       0
       0
       0
       0
       0
       0
       0
       0
       0
       0
       0
       0
       0
       0
       0
       0
       0
       0
       0
       0
       0
       0
       0
       0
       0
       0
       0
       0
       0
       0
       0
       0
       0
       0
       0
       0
       0
       0
       0
       0
       0
       0
       0
       0
       0
       1
       0
       0
       0
       0
       0
       0
       0
       0
       0
       0
       0
       0
       0
       0
       0
       0
       0
       0
       0
       0
       0
       0
       0
       0
       0
       0
       0
       0
       0
       0
       0
       0
       0
       0
       0
       0
       0
       0
       0
       0
       0
       0
       0
       0
       0
       0
       0
       0
       0
       0
       0
       0
       0
       0
       0
       0
       0
       0
       0
       0
       0
       0
       0
       0
       0
       0
       0
       0
       1
       0
       0
       0
       0
       0
       0
       0
       0
       0
       0
       0
       0
       0
       0
       0
       0
       0
       0
       0
       0
       0
       0
       0
       0
       0
       0
       0
       0
       0
       0
       0
       0
       0
       0
       0
       0
       0
       0
       0
       0
       0
       0
       0
       0
       0
       0
       0
       0
       0
       0
       0
       0
       0
       0
       0
       0
       0
       0
       0
       0
       0
       0
       0
       0
       0
       0
       0
       0
       0
       0
       0
       0
       0
       0
       0
       0
       0
       0
       0
       0
       0
       0
       0
       0
       0
       0
       0
       0
       0
       0
       0
       0
       0
       0
       0
       0
       0
       0
       0
       0
       0
       0
       0
       0
       0
       0
       0
       0
       0
       0
       0
       0
       0
       0
       0
       0
       0
       0
       0
       0
       0
       0
       0
       0
       0
       0
       0
       0
       0
       0
       0
       0
       0
       0
       0
       0
       0
       0
       0
       0
       0
       0
       0
       0
       0
       0
       0
       0
       0
       0
       0
       0
       1
       0
       0
       0
       0
       0
       0
       0
       0
       0
       0
       0
       0
       0
       0
       0
       0
       0
       0
       0
       0
       0
       0
       0
       0
       0
       0
       0
       0
       0
       0
       0
       0
       0
       0
       0
       0
       0
       0
       0
       0
       0
       0
       0
       0
       0
       0
       0
       0
       0
       0
       0
       0
       0
       0
       0
       0
       0
       0
       0
       0
       0
       0
       0
       0
       0
       0
       0
       0
       0
       0
       0
       0
       0
       0
       0
       0
       0
       0
       0
       0
       0
       0
       0
       0
       0
       0
       0
       0
       0
       0
       0
       0
       0
       0
       0
       0
       0
       0
       0
       0
       0
       0
       0
       0
       0
       0
       0
       0
       0
       0
       0
       0
       0
       0
       0
       0
       0
       0
       0
       0
       0
       0
       0
       0
       0
       0
       0
       0
       0
       0
       0
       0
       0
       0
       0
       0
       0
       0
       0
       0
       0
       0
       0
       1
       0
       0
       0
       0
       0
       0
       0
       0
       0
       0
       0
       0
       0
       0
       0
       0
       0
       0
       0
       0
       0
       0
       0
       0
       1
       0
       0
       0
       0
       0
       0
       0
       0
       0
       0
       0
       0
       0
       0
       0
       0
       0
       0
       0
       0
       0
       0
       0
       0
       0
       0
       0
       0
       0
       0
       0
       0
       0
       0
       0
       0
       0
       0
       0
       0
       0
       0
       0
       0
       0
       0
       0
       0
       0
       0
       0
       0
       0
       0
       0
       0
       0
       0
       0
       0
       0
       1
       0
       0
       0
       0
       0
       0
       0
       0
       0
       0
       0
       0
       0
       0
       0
       0
       0
       0
       0
       0
       0
       0
       0
       0
       0
       0
       0
       0
       0
       0
       0
       0
       0
       0
       0
       0
       0
       0
       0
       0
       0
       0
       0
       0
       0
       0
       0
       0
       0
       0
       0
       0
       0
       0
       0
       0
       0
       0
       0
       0
       0
       0
       0
       0
       0
       0
       0
       0
       0
       0
       0
       0
       0
       0
       0
       0
       0
       0
       0
       0
       0
       0
       0
       0
       0
       0
       0
       0
       0
       0
       0
       0
       0
       0
       0
       0
       0
       0
       0
       0
       0
       0
       0
       0
       0
       1
       0
       0
       0
       0
       0
       0
       0
       0
       0
       0
       0
       0
       0
       0
       0
       0
       0
       0
       0
       0
       0
       0
       0
       0
       0
       0
       0
       0
       0
       0
       0
       0
       0
       0
       0
       0
       0
       0
       0
       0
       0
       0
       0
       0
       0
       0
       0
       0
       0
       0
       0
       0
       0
       0
       0
       0
       0
       0
       0
       0
       0
       0
       0
       0
       0
       0
       0
       0
       0
       0
       0
       0
       0
       0
       0
       0
       0
       0
       0
       0
       0
       0
       0
       0
       0
       0
       0
       0
       0
       0
       0
       0
       0
       0
       0
       0
       0
       0
       0
       0
       0
       0
       0
       0
       0
       0
       0
       0
       0
       0
       0
       0
       0
       0
       0
       0
       0
       0
       0
       0
       0
       0
       0
       0
       0
       0
       0
       0
       0
       0
       0
       0
       0
       0
       0
       0
       0
       0
       0
       0
       0
       0
       0
       0
       0
       0
       0
       0
       0
       0
       0
       0
       0
       0
       0
       0
       0
       0
       0
       0
       0
       0
       0
       0
       0
       0
       0
       0
       0
       0
       0
       0
       0
       0
       0
       0
       0
       0
       0
       0
       0
       0
       0
       0
       0
       0
       0
       0
       0
       0
       0
       0
       0
       0
       0
       0
       0
       0
       0
       0
       0
       0
       0
       0
       0
       0
       0
       0
       0
       0
       0
       0
       0
       0
       0
       0
       0
       0
       0
       0
       0
       0
       0
       0
       0
       0
       0
       0
       0
       0
       0
       0
       0
       0
       0
       0
       0
       0
       0
       0
       0
       0
       0
       0
       0
       0
       0
       0
       0
       0
       0
       0
       0
       0
       0
       0
       0
       0
       0
       0
       0
       0
       0
       0
       0
       0
       0
       0
       0
       0
       0
       0
       0
       0
       0
       0
       0
       0
       0
       0
       0
       0
       0
       0
       0
       0
       0
       0
       0
       0
       0
       0
       0
       0
       0
       0
       0
       0
       0
       0
       0
       0
       0
       0
       0
       0
       0
       0
       0
       0
       0
       0
       0
       0
       0
       0
       0
       0
       0
       0
       0
       0
       0
       0
       0
       0
       0
       0
       0
       0
       0
       0
       0
       0
       0
       0
       0
       0
       0
       0
       0
       0
       0
       0
       0
       0
       0
       0
       0
       0
       0
       0
       0
       0
       0
       0
       0
       0
       0
       0
       0
       0
       0
       0
       0
       0
       0
       0
       0
       0
       0
       0
       0
       0
       0
       0
       0
       0
       0
       0
       0
       0
       0
       0
       0
       0
       0
       0
       0
       0
       0
       0
       0
       0
       0
       0
       0
       0
       0
       0
       0
       0
       0
       0
       0
       0
       0
       0
       0
       0
       0
       0
       0
       0
       0
       0
       0
       0
       0
       0
       0
       0
       0
       0
       0
       0
       0
       0
       0
       0
       0
       0
       0
       0
       0
       0
       0
       0
       0
       0
       0
       0
       0
       0
       0
       0
       0
       0
       0
       0
       0
       0
       0
       0
       0
       0
       0
       0
       0
       0
       0
       0
       0
       0
       0
       0
       0
       0
       0
       0
       0
       0
       0
       0
       0
       0
       0
       0
       0
       0
       0
       0
       0
       0
       0
       0
       0
       0
       0
       0
       0
       0
       0
       0
       0
       0
       0
       0
       0
       0
       0
       0
       0
       0
       0
       0
       0
       0
       0
       0
       0
       0
       0
       0
       0
       0
       0
       0
       0
       0
       0
       0
       0
       0
       0
       0
       0
       0
       0
       0
       0
       0
       0
       0
       0
       0
       0
       0
       0
       0
       0
       0
       0
       0
       0
       0
       0
       0
       0
       0
       0
       0
       0
       0
       0
       0
       0
       0
       0
       0
       0
       0
       0
       0
       0
       0
       0
       0
       0
       0
       0
       0
       0
       0
       0
       0
       0
       0
       0
       0
       0
       0
       0
       0
       0
       0
       0
       0
       0
       0
       0
       0
       0
       0
       0
       0
       0
       0
       0
       0
       0
       0
       0
       0
       0
       0
       0
       0
       0
       0
       0
       0
       0
       0
       0
       0
       0
       0
       0
       0
       0
       0
       0
       0
       0
       0
       0
       0
       0
       0
       0
       0
       0
       0
       0
       0
       0
       0
       0
       0
       0
       0
       0
       0
       0
       0
       0
       0
       0
       0
       0
       0
       0
       0
       0
       0
       0
       0
       0
       0
       0
       0
       0
       0
       0
       0
       0
       0
       0
       0
       0
       0
       0
       0
       0
       0
       0
       0
       0
       0
       0
       0
       0
       0
       0
       0
       0
       0
       0
       0
       0
       0
       0
       0
       0
       0
       0
       0
       0
       0
       0
       0
       0
       0
       0
       0
       0
       0
       0
       0
       0
       0
       0
       0
       0
       0
       0
       0
       0
       0
       0
       0
       0
       0
       0
       0
       0
       0
       0
       0
       0
       0
       0
       0
       0
       0
       0
       0
       0
       0
       0
       0
       0
       0
       0
       0
       0
       0
       0
       0
       0
       0
       0
       0
       0
       0
       0
       0
       0
       0
       0
       0
       0
       0
       0
       0
       0
       0
       0
       0
       0
       0
       0
       0
       0
       0
       0
       0
       0
       0
       0
       0
       0
       0
       0
       0
       0
       0
       0
       0
       0
       0
       0
       0
       0
       0
       0
       0
       0
       0
       0
       0
       0
       0
       0
       0
       0
       0
       0
       0
       0
       0
       0
       0
       0
       0
       0
       0
       0
       0
       0
       0
       0
       0
       0
       0
       0
       0
       0
       0
       0
       0
       0
       0
       0
       0
       0
       0
       0
       0
       0
       0
       0
       0
       0
       0
       0
       0
       0
       0
       0
       0
       0
       0
       0
       0
       0
       0
       0
       0
       0
       0
       0
       0
       0
       0
       0
       0
       0
       0
       0
       0
       0
       0
       0
       0
       0
       0
       0
       0
       0
       0
       0
       0
       0
       0
       0
       0
       0
       0
       0
       0
       0
       0
       0
       0
       0
       0
       0
       0
       0
       0
       0
       0
       0
       0
       0
       0
       0
       0
       0
       0
       0
       0
       0
       0
       0
       0
       0
       0
       0
       0
       0
       0
       0
       0
       0
       0
       0
       0
       0
       0
       0
       0
       0
       0
       0
       0
       0
       0
       0
       0
       0
       0
       0
       0
       0
       0
       0
       0
       0
       0
       0
       0
       0
       0
       0
       0
       0
       0
       0
       0
       0
       0
       0
       0
       0
       0
       0
       0
       0
       0
       0
       0
       0
       0
       0
       0
       0
       0
       0
       0
       0
       0
       0
       0
       0
       0
       0
       0
       0
       0
       0
       0
       0
       0
       0
       0
       0
       0
       0
       0
       0
       0
       0
       0
       0
       0
       0
       0
       0
       0
       0
       0
       0
       0
       0
       0
       0
       0
       0
       0
       0
       0
       0
       0
       0
       0
       0
       0
       0
       0
       0
       0
       0
       0
       0
       0
       0
       0
       0
       0
       0
       0
       0
       0
       0
       0
       0
       0
       0
       0
       0
       0
       0
       0
       0
       0
       0
       0
       0
       0
       0
       0
       0
       0
       0
       0
       0
       0
       0
       0
       0
       0
       0
       0
       0
       0
       0
       0
       0
       0
       0
       0
       0
       0
       0
       0
       0
       0
       0
       0
       0
       0
       0
       0
       0
       0
       0
       0
       0
       0
       0
       0
       0
       0
       0
       0
       0
       0
       0
       0
       0
       0
       0
       0
       0
       0
       0
       0
       0
       0
       0
       0
       0
       0
       0
       0
       0
       0
       0
       0
       0
       0
       0
       0
       0
       0
       0
       0
       0
       0
       0
       0
       0
       0
       0
       0
       0
       0
       0
       0
       0
       0
       0
       0
       0
       0
       0
       0
       0
       0
       0
       0
       0
       0
       0
       0
       0
       0
       0
       0
       0
       0
       0
       0
       0
       0
       0
       0
       0
       0
       0
       0
       0
       0
       0
       0
       0
       0
       0
       0
       0
       0
       0
       0
       0
       0
       0
       0
       0
       0
       0
       0
       0
       0
       0
       0
       0
       0
       0
       0
       0
       0
       0
       0
       0
       0
       0
       0
       0
       0
       0
       0
       0
       0
       0
       0
       0
       0
       0
       0
       0
       0
       0
       0
       0
       0
       0
       0
       0
       0
       0
       0
       0
       0
       0
       0
       0
       0
       0
       0
       0
       0
       0
       0
       0
       0
       0
       0
       0
       0
       0
       0
       0
       0
       0
       0
       0
       0
       0
       0
       0
       0
       0
       0
       0
       0
       0
       0
       0
       0
       0
       0
       0
       0
       0
       0
       0
       0
       0
       0
       0
       0
       0
       0
       0
       0
       0
       0
       0
       0
       0
       0
       0
       0
       0
       0
       0
       0
       0
       0
       0
       0
       0
       0
       0
       0
       0
       0
       0
       0
       0
       0
       0
       0
       0
       0
       0
       0
       0
       0
       0
       0
       0
       0
       0
       0
       0
       0
       0
       0
       0
       0
       0
       0
       0
       0
       0
       0
       0
       0
       0
       0
       0
       0
       0
       0
       0
       0
       0
       0
       0
       0
       0
       0
       0
       0
       0
       0
       0
       0
       0
       0
       0
       0
       0
       0
       0
       0
       0
       0
       0
       0
       0
       0
       0
       0
       0
       0
       0
       0
       0
       0
       0
       0
       0
       0
       0
       0
       0
       0
       0
       0
       0
       0
       0
       0
       0
       0
       0
       0
       0
       0
       0
       0
       0
       0
       0
       0
       0
       0
       0
       0
       0
       0
       0
       0
       0
       0
       0
       0
       0
       0
       0
       0
       0
       0
       0
       0
       0
       0
       0
       0
       0
       0
       0
       0
       0
       0
       0
       0
       0
       0
       0
       0
       0
       0
       0
       0
       0
       0
       0
       0
       0
       0
       0
       0
       0
       0
       0
       0
       0
       0
       0
       0
       0
       0
       0
       0
       0
       0
       0
       0
       0
       0
       0
       0
       0
       0
       0
       0
       0
       0
       0
       0
       0
       0
       0
       0
       0
       0
       0
       0
       0
       0
       0
       0
       0
       0
       0
       0
       0
       0
       0
       0
       0
       0
       0
       0
       0
       0
       0
       0
       0
       0
       0
       0
       0
       0
       0
       0
       0
       0
       0
       0
       0
       0
       0
       0
       0
       0
       0
       0
       0
       0
       0
       0
       0
       0
       0
       0
       0
       0
       0
       0
       0
       0
       0
       0
       0
       0
       0
       0
       0
       0
       0
       0
       0
       0
       0
       0
       0
       0
       0
       0
       0
       0
       0
       0
       0
       0
       0
       0
       0
       0
       0
       0
       0
       0
       0
       0
       0
       0
       0
       0
       0
       0
       0
       0
       0
       0
       0
       0
       0
       0
       0
       0
       0
       0
       0
       0
       0
       0
       0
       0
       0
       0
       0
       0
       0
       0
       0
       0
       0
       0
       0
       0
       0
       0
       0
       0
       0
       0
       0
       0
       0
       0
       0
       0
       0
       0
       0
       0
       0
       0
       0
       0
       0
       0
       0
       0
       0
       0
       0
       0
       0
       0
       0
       0
       0
       0
       0
       0
       0
       0
       0
       0
       0
       0
       0
       0
       0
       0
       0
       0
       0
       0
       0
       0
       0
       0
       0
       0
       0
       0
       0
       0
       0
       0
       0
       0
       0
       0
       0
       0
       0
       0
       0
       0
       0
       0
       0
       0
       0
       0
       0
       0
       0
       0
       0
       0
       0
       0
       0
       0
       0
       0
       0
       0
       0
       0
       0
       0
       0
       0
       0
       0
       0
       0
       0
       0
       0
       0
       0
       0
       0
       0
       0
       0
       0
       0
       0
       0
       0
       0
       0
       0
       0
       0
       0
       0
       0
       0
       0
       0
       0
       0
       0
       0
       0
       0
       0
       0
       0
       0
       0
       0
       0
       0
       0
       0
       0
       0
       0
       0
       0
       0
       0
       0
       0
       0
       0
       0
       0
       0
       0
       0
       0
       0
       0
       0
       0
       0
       0
       0
       0
       0
       0
       0
       0
       0
       0
       0
       0
       0
       0
       0
       0
       0
       0
       0
       0
       0
       0
       0
       0
       0
       0
       0
       0
       0
       0
       0
       0
       0
       0
       0
       0
       0
       0
       0
       0
       0
       0
       0
       0
       0
       0
       0
       0
       0
       0
       0
       0
       0
       0
       0
       0
       0
       0
       0
       0
       0
       0
       0
       0
       0
       0
       0
       0
       0
       0
       0
       0
       0
       0
       0
       0
       0
       0
       0
       0
       0
       0
       0
       0
       0
       0
       0
       0
       0
       0
       0
       0
       0
       0
       0
       0
       0
       0
       0
       0
       0
       0
       0
       0
       0
       0
       0
       0
       0
       0
       0
       0
       0
       0
       0
       0
       0
       0
       0
       0
       0
       0
       0
       0
       0
       0
       0
       0
       0
       0
       0
       0
       0
       0
       0
       0
       0
       0
       0
       0
       0
       0
       0
       0
       0
       0
       0
       0
       0
       0
       0
       0
       0
       0
       0
       0
       0
       0
       0
       0
       0
       0
       0
       0
       0
       0
       0
       0
       0
       0
       0
       0
       0
       0
       0
       0
       0
       0
       0
       0
       0
       0
       0
       0
       0
       0
       0
       0
       0
       0
       0
       0
       0
       0
       0
       0
       0
       0
       0
       0
       0
       0
       0
       0
       0
       0
       0
       0
       0
       0
       0
       0
       0
       0
       0
       0
       0
       0
       0
       0
       0
       0
       0
       0
       0
       0
       0
       0
       0
       0
       0
       0
       0
       0
       0
       0
       0
       0
       0
       0
       0
       0
       0
       0
       0
       0
       0
       0
       0
       0
       0
       0
       0
       0
       0
       0
       0
       0
       0
       0
       0
       0
       0
       0
       0
       0
       0
       0
       0
       0
       0
       0
       0
       0
       0
       0
       0
       0
       0
       0
       0
       0
       0
       0
       0
       0
       0
       0
       0
       0
       0
       0
       0
       0
       0
       0
       0
       0
       0
       0
       0
       0
       0
       0
       0
       0
       0
       0
       0
       0
       0
       0
       0
       0
       0
       0
       0
       0
       0
       0
       0
       0
       0
       0
       0
       0
       0
       0
       0
       0
       0
       0
       0
       0
       0
       0
       0
       0
       0
       0
       0
       0
       0
       0
       0
       0
       0
       0
       0
       0
       0
       0
       0
       0
       0
       0
       0
       0
       0
       0
       0
       0
       0
       0
       0
       0
       0
       0
       0
       0
       0
       0
       0
       0
       0
       0
       0
       0
       0
       0
       0
       0
       0
       0
       0
       0
       0
       0
       0
       0
       0
       0
       0
       0
       0
       0
       0
       0
       0
       0
       0
       0
       0
       0
       0
       0
       0
       0
       0
       0
       0
       0
       0
       0
       0
       0
       0
       0
       0
       0
       0
       0
       0
       0
       0
       0
       0
       0
       0
       0
       0
       0
       0
       0
       0
       0
       0
       0
       0
       0
       0
       0
       0
       0
       0
       0
       0
       0
       0
       0
       0
       0
       0
       0
       0
       0
       0
       0
       0
       0
       0
       0
       0
       0
       0
       0
       0
       0
       0
       0
       0
       0
       0
       0
       0
       0
       0
       0
       0
       0
       0
       0
       0
       0
       0
       0
       0
       0
       0
       0
       0
       0
       0
       0
       0
       0
       0
       0
       0
       0
       0
       0
       0
       0
       0
       0
       0
       0
       0
       0
       0
       0
       0
       0
       0
       0
       0
       0
       0
       0
       0
       0
       0
       0
       0
       0
       0
       0
       0
       0
       0
       0
       0
       0
       0
       0
       0
       0
       0
       0
       0
       0
       0
       0
       0
       0
       0
       0
       0
       0
       0
       0
       0
       0
       0
       0
       0
       0
       0
       0
       0
       0
       0
       0
       0
       0
       0
       0
       0
       0
       0
       0
       0
       0
       0
       0
       0
       0
       0
       0
       0
       0
       0
       0
       0
       0
       0
       0
       0
       0
       0
       0
       0
       0
       0
       0
       0
       0
       0
       0
       0
       0
       0
       0
       0
       0
       0
       0
       0
       0
       0
       0
       0
       0
       0
       0
       0
       0
       0
       0
       0
       0
       0
       0
       0
       0
       0
       0
       0
       0
       0
       0
       0
       0
       0
       0
       0
       0
       0
       0
       0
       0
       0
       0
       0
       0
       0
       0
       0
       0
       0
       0
       0
       0
       0
       0
       0
       0
       0
       0
       0
       0
       0
       0
       0
       0
       0
       0
       0
       0
       0
       0
       0
       0
       0
       0
       0
       0
       0
       0
       0
       0
       0
       0
       0
       0
       0
       0
       0
       0
       0
       0
       0
       0
       0
       0
       0
       0
       0
       0
       0
       0
       0
       0
       0
       0
       0
       0
       0
       0
       0
       0
       0
       0
       0
       0
       0
       0
       0
       0
       0
       0
       0
       0
       0
       0
       0
       0
       0
       0
       0
       0
       0
       0
       0
       0
       0
       0
       0
       0
       0
       0
       0
       0
       0
       0
       0
       0
       0
       0
       0
       0
       0
       0
       0
       0
       0
       0
       0
       0
       0
       0
       0
       0
       0
       0
       0
       0
       0
       0
       0
       0
       0
       0
       0
       0
       0
       0
       0
       0
       0
       0
       0
       0
       0
       0
       0
       0
       0
       0
       0
       0
       0
       0
       0
       0
       0
       0
       0
       0
       0
       0
       0
       0
       0
       0
       0
       0
       0
       0
       0
       0
       0
       0
       0
       0
       0
       0
       0
       0
       0
       0
       0
       0
       0
       0
       0
       0
       0
       0
       0
       0
       0
       0
       0
       0
       0
       0
       0
       0
       0
       0
       0
       0
       0
       0
       0
       0
       0
       0
       0
       0
       0
       0
       0
       0
       0
       0
       0
       0
       0
       0
       0
       0
       0
       0
       0
       0
       0
       0
       0
       0
       0
       0
       0
       0
       0
       0
       0
       0
       0
       0
       0
       0
       0
       0
       0
       0
       0
       0
       0
       0
       0
       0
       0
       0
       0
       0
       0
       0
       0
       0
       0
       0
       0
       0
       0
       0
       0
       0
       0
       0
       0
       0
       0
       0
       0
       0
       0
       0
       0
       0
       0
       0
       0
       0
       0
       0
       0
       0
       0
       0
       0
       0
       0
       0
       0
       0
       0
       0
       0
       0
       0
       0
       0
       0
       0
       0
       0
       0
       0
       0
       0
       0
       0
       0
       0
       0
       0
       0
       0
       0
       0
       0
       0
       0
       0
       0
       0
       0
       0
       0
       0
       0
       0
       0
       0
       0
       0
       0
       0
       0
       0
       0
       0
       0
       0
       0
       0
       0
       0
       0
       0
       0
       0
       0
       0
       0
       0
       0
       0
       0
       0
       0
       0
       0
       0
       0
       0
       0
       0
       0
       0
       0
       0
       0
       0
       0
       0
       0
       0
       0
       0
       0
       0
       0
       0
       0
       0
       0
       0
       0
       0
       0
       0
       0
       0
       0
       0
       0
       0
       0
       0
       0
       0
       0
       0
       0
       0
       0
       0
       0
       0
       0
       0
       0
       0
       0
       0
       0
       0
       0
       0
       0
       0
       0
       0
       0
       0
       0
       0
       0
       0
       0
       0
       0
       0
       0
       0
       0
       0
       0
       0
       0
       0
       0
       0
       0
       0
       0
       0
       0
       0
       0
       0
       0
       0
       0
       0
       0
       0
       0
       0
       0
       0
       0
       0
       0
       0
       0
       0
       0
       0
       0
       0
       0
       0
       0
       0
       0
       0
       0
       0
       0
       0
       0
       0
       0
       0
       0
       0
       0
       0
       0
       0
       0
       0
       0
       0
       0
       0
       0
       0
       0
       0
       0
       0
       0
       0
       0
       0
       0
       0
       0
       0
       0
       0
       0
       0
       0
       0
       0
       0
       0
       0
       0
       0
       0
       0
       0
       0
       0
       0
       0
       0
       0
       0
       0
       0
       0
       0
       0
       0
       0
       0
       0
       0
       0
       0
       0
       0
       0
       0
       0
       0
       0
       0
       0
       0
       0
       0
       0
       0
       0
       0
       0
       0
       0
       0
       0
       0
       0
       0
       0
       0
       0
       0
       0
       0
       0
       0
       0
       0
       0
       0
       0
       0
       0
       0
       0
       0
       0
       0
       0
       0
       0
       0
       0
       0
       0
       0
       0
       0
       0
       0
       0
       0
       0
       0
       0
       0
       0
       0
       0
       0
       0
       0
       0
       0
       0
       0
       0
       0
       0
       0
       0
       0
       0
       0
       0
       0
       0
       0
       0
       0
       0
       0
       0
       0
       0
       0
       0
       0
       0
       0
       0
       0
       0
       0
       0
       0
       0
       0
       0
       0
       0
       0
       0
       0
       0
       0
       0
       0
       0
       0
       0
       0
       0
       0
       0
       0
       0
       0
       0
       0
       0
       0
       0
       0
       0
       0
       0
       0
       0
       0
       0
       0
       0
       0
       0
       0
       0
       0
       0
       0
       0
       0
       0
       0
       0
       0
       0
       0
       0
       0
       0
       0
       0
       0
       0
       0
       0
       0
       0
       0
       0
       0
       0
       0
       0
       0
       0
       0
       0
       0
       0
       0
       0
       0
       0
       0
       0
       0
       0
       0
       0
       0
       0
       0
       0
       0
       0
       0
       0
       0
       0
       0
       0
       0
       0
       0
       0
       0
       0
       0
$ROI:
1
1597 1601
$PRESETS:
Live Time
120
0
$ENER_FIT:
0.000000 0.000000
$MCA_CAL:
3
0.000000E+000 0.000000E+000 0.000000E+000 
$SHAPE_CAL:
3
0.000000E+000 0.000000E+000 0.000000E+000
